2 500 2
1.703814280078407295e-01 2.207406685150217207e-01
5.003024780350335821e-01 7.924990723505108692e-01
9.859426628340013377e-01 6.640084683436209279e-01
9.581734575086102712e-01 1.085264855464550537e-01
2.319329203937938733e-01 2.865455565686888528e-01
9.600164568219821115e-01 3.543020141994523975e-02
9.174027443517068781e-01 3.567259372886621982e-02
4.247638136818741028e-01 4.025032486580709667e-01
2.457841748717521924e-01 4.791320310255766657e-01
8.251411415304686914e-01 4.916848150384848237e-01
1.724745286275566336e-01 7.659388315163511152e-01
5.424006792634236129e-01 4.022500958256282066e-01
8.116023584512268574e-01 6.576046260971142310e-01
1.112525867111371358e-01 7.925142082714488057e-01
8.365068240527450127e-01 8.055169440901386313e-01
6.245251137038584366e-01 2.993316574377697936e-01
2.684614854495229741e-01 7.002541039972163261e-01
8.170851554118159221e-01 1.861723654456002297e-01
2.981743391337381421e-01 9.686176203015912645e-01
5.985501590338641043e-01 2.055562270867383745e-02
3.459457962585843482e-02 9.441631812647806044e-01
5.432288707524191018e-02 4.316232787303102558e-01
3.255580331018473883e-01 6.870111818838967599e-01
1.844801736512952095e-01 2.486331808435998658e-01
4.480209591974670946e-02 8.787185449584337116e-01
9.000468884851148266e-01 5.711544690466474616e-01
4.898815808407437355e-01 2.679926877722599299e-01
4.618649090510185129e-02 5.717456235541674703e-01
7.855166986511905591e-01 5.930290171624917894e-01
4.718391724435743173e-01 8.189677635961922775e-02
4.369043470126869888e-01 1.562533096698909274e-01
4.153392609150697856e-01 2.620173100890436091e-01
4.275241652146898330e-01 4.772500242663320069e-01
7.255426089039761495e-01 9.062503373971771969e-01
5.059703254910856707e-01 6.996579267057261298e-01
6.879956767930492934e-01 1.828947787132008118e-01
5.563405568280936908e-01 6.778143188631070570e-01
4.756772642304464283e-01 8.612169072581796758e-01
1.967134985848032480e-01 9.189289168321376211e-01
4.938442797918691785e-01 3.254321163944559059e-01
2.456935892004574740e-04 8.065689319160639359e-01
1.385128082092501600e-01 9.266383684471183324e-01
9.834194744931799015e-01 7.812362716225054182e-01
7.381056041522552347e-01 4.734826686536753870e-01
2.559728965872022366e-01 4.038184073465288515e-01
6.977973836927446882e-01 9.123415241931582820e-01
9.770432167272555812e-01 4.776939376111004609e-01
1.160890945925294737e-01 4.977969480176163142e-01
1.205484060678130298e-02 6.552742370871736943e-01
3.931425290939858375e-01 4.189079195941136646e-03
9.348831858721584620e-01 2.047623916258614063e-01
6.004062442870256033e-01 7.790266889203381062e-01
2.698257930963410267e-01 8.629105934581096093e-01
6.310644741069526553e-01 6.890369493591853578e-01
1.179116329203399038e-01 9.495574724658069066e-01
4.008398862779939398e-01 2.596353694281515745e-01
5.620801276416619308e-01 1.697262918105847396e-01
6.186816521901966626e-01 5.585977589510497943e-01
4.957611261320395979e-01 7.790655210771467720e-01
8.968699586959636427e-01 6.247147751050107223e-01
7.693868809769845996e-01 3.841299088886462876e-02
2.200684521656597337e-01 4.922107114557777718e-01
7.993674827863388455e-01 1.332646727658995944e-01
4.285534890778919248e-02 1.117078955909908133e-01
3.406085272241898831e-02 9.839296532620384061e-01
5.352652163832390952e-01 7.185174392358485429e-01
9.212687556455089188e-01 6.221523834034040634e-01
7.458719432522508130e-01 4.490381762455940562e-01
2.717897039552972238e-01 5.998327327633090622e-02
7.019445525063261471e-01 2.560444653039870566e-01
1.635605647053025580e-01 8.266794056915602873e-01
7.162071282323708710e-01 4.236447895797567087e-01
7.809174345950800067e-01 5.994158650773396824e-01
4.197337726538036273e-01 2.326916141033595897e-01
8.335076922747981509e-01 6.035897759035472321e-01
2.905103333825101997e-01 5.774243958631347651e-01
4.493840533373012480e-01 7.084975840423279880e-01
6.971936759653387661e-01 5.841267810778869585e-01
6.868119190340572500e-01 3.941672208819475554e-01
7.276000255921802884e-01 5.325789682235744227e-01
5.932158169758350308e-02 1.512631689869903262e-02
3.214536075347459443e-01 6.310870386809355193e-01
7.185360489155306896e-01 3.688765001815419442e-02
4.769267153023132311e-01 4.458699579102489707e-01
1.893061910000465309e-01 1.709332562409140444e-01
5.505026372492287656e-01 3.558586275554531664e-02
8.016842196667601783e-01 5.839780972915075141e-01
9.196924290594089557e-01 9.177870286291500701e-02
2.142667032781088166e-01 6.072950033382366053e-01
5.281371342059804075e-01 6.360266357483920219e-01
6.734385959519243459e-01 6.218817333885521270e-01
8.262631315142954236e-02 7.457311684019052311e-02
9.030492698231661342e-01 4.525165534092112640e-02
9.215644908369854393e-01 6.612224640103817608e-01
7.690520501114566088e-01 5.956292235738968044e-01
8.244165247876361624e-01 6.692805175458237388e-01
1.136382795352119945e-01 2.593313760737432361e-01
2.816631830065364772e-01 8.233221974251730968e-01
4.033972999663132386e-01 6.371163791586111902e-01
9.947983586683023516e-01 7.915668396221119396e-01
8.603357903178665556e-02 5.952810406349422490e-01
6.258989202123056428e-01 7.896427035196874611e-01
8.001722130942479083e-01 3.972878715981631448e-01
6.629864619720726715e-02 5.965219717401499810e-01
8.327839821635120154e-01 7.417031698674098061e-01
7.438972956719053231e-01 5.334073141002244611e-01
4.687614191391242802e-01 3.822274488041504936e-01
7.386363602816848895e-01 2.063514487549072962e-01
1.271768826716981327e-01 2.555992813619971660e-01
7.256724371060369050e-01 6.339076478914507096e-02
4.287540885922348499e-01 2.931541544809267430e-01
1.577958218241848343e-02 6.697440206758342729e-02
5.890842307583422643e-01 3.418191727052019013e-01
2.125120530989986767e-01 3.247005376741796123e-02
7.821180047054967499e-01 8.703250496760230881e-01
2.556584802356962616e-01 4.335275968318924589e-01
3.684647171063282212e-01 3.864167702705832985e-01
8.705187334755237760e-01 7.250818530223803737e-01
1.330298912836217484e-01 7.408438926519799184e-01
6.925349039451532684e-01 4.847758912803983300e-01
9.265222761085334380e-01 7.439120145626864078e-01
5.868074068363978713e-01 9.235858984060054677e-01
3.553620187070006819e-01 7.703763954777803624e-01
9.320277962308777253e-01 5.664289319063902095e-01
4.145207220413311688e-01 2.784591471919218852e-01
8.883590819127279437e-01 1.535349023960628223e-01
2.078249913277568917e-01 4.187713942382105259e-01
9.187952508503263171e-01 6.336394294026437279e-02
1.502546895458394260e-01 1.589210940065984845e-01
8.353093979408821035e-02 8.078504754701070212e-01
2.967668428988368134e-01 5.995885810616596867e-01
8.768725965928613197e-01 4.007550050011845499e-01
6.921769007686596753e-01 4.078502349547509231e-01
6.262225013590591027e-01 6.499054360719088708e-01
8.866282984751070462e-01 5.435322391728152347e-01
7.226667094135830194e-01 6.741083684386048880e-01
1.118155799642939208e-02 7.043752701031200658e-01
2.026982200854496874e-01 1.955123825104557733e-01
5.805441885329643004e-02 1.657914205545072406e-01
4.506067387709742356e-01 4.082040919362983633e-01
2.600440331475399880e-01 9.409946362987013924e-01
4.106616496407511363e-02 4.738183703293306070e-01
7.136624412862656586e-01 4.372861713379316839e-01
9.914510022991961380e-01 9.449440138294714631e-01
6.405168764727660058e-01 3.427575176654451550e-02
9.434131138910549774e-01 6.671060453237567245e-01
9.314657345152201895e-01 2.598202296043459203e-01
4.324998175981076276e-02 9.601058847716108513e-01
8.680818985956409994e-01 4.894608113501213165e-01
5.405957073613451014e-01 1.295008224233752392e-01
1.659542182971533997e-01 3.451398305197873606e-01
3.749659194618298885e-01 6.090037139051275306e-01
7.343587803780007306e-01 2.189788120192965870e-01
2.696880722454352286e-01 2.845844904203674863e-01
7.968309419537158433e-01 5.978987305615237613e-01
1.027482179379659577e-01 8.010544700968277310e-01
2.671696220148236378e-01 1.148636819860323621e-01
5.740854909661181615e-01 9.019149370691149636e-01
5.254048293920906554e-01 5.025296072984289930e-01
4.388655592984996856e-01 1.032509668748592402e-01
9.882599603495929586e-01 8.750787741981446155e-01
8.262644811537809275e-01 2.524521510195922858e-01
1.186398364670361305e-01 1.402169316425072587e-02
4.132938576436717693e-01 7.725410130235176309e-01
7.686759787386967524e-01 5.837475528477615860e-01
4.731989654052500827e-01 6.428906421455222731e-01
8.602003091277010682e-04 4.526044718604194106e-01
6.796073743859543104e-02 4.171128213853330102e-01
7.817978871131252561e-01 5.452906442578341339e-01
9.044329260269657889e-01 8.2889773637